1706
0,1,91
0,2,76
0,3,52
0,4,22
0,5,89
0,6,32
0,7,63
0,10,67
0,11,99
0,13,92
0,15,20
0,17,67
0,19,89
0,40,32
0,43,69
0,53,22
0,66,77
0,68,29
0,69,81
0,73,18
0,85,24
0,94,61
0,97,2
0,123,61
0,143,1
0,144,98
0,145,67
0,146,24
0,147,24
0,154,49
0,159,31
0,163,29
0,164,23
0,165,7
0,172,39
0,178,18
0,183,46
0,184,81
0,193,42
0,211,36
0,213,7
0,216,12
0,222,100
0,279,25
0,282,69
0,325,13
0,328,32
0,339,23
0,372,97
0,376,35
0,401,69
0,533,14
0,585,64
0,609,44
0,617,45
0,618,99
0,640,18
0,679,41
0,726,29
0,791,9
0,812,35
0,821,32
0,843,31
0,860,47
0,878,61
0,989,35
0,996,17
0,1128,50
0,1143,33
0,1146,17
1,2,60
1,3,38
1,4,79
1,5,16
1,7,85
1,8,91
1,16,7
1,18,68
1,19,8
1,24,73
1,32,42
1,37,7
1,39,37
1,41,11
1,47,58
1,49,49
1,50,13
1,53,57
1,58,60
1,59,7
1,64,50
1,71,53
1,72,97
1,77,4
1,88,34
1,94,57
1,96,32
1,100,74
1,101,73
1,106,86
1,113,29
1,118,94
1,119,90
1,127,78
1,130,55
1,134,61
1,137,53
1,152,23
1,155,63
1,156,13
1,168,32
1,176,60
1,180,82
1,184,77
1,190,23
1,199,96
1,200,58
1,203,32
1,207,59
1,209,7
1,217,83
1,218,70
1,220,53
1,224,43
1,227,35
1,228,88
1,233,65
1,277,88
1,286,41
1,388,98
1,404,53
1,420,31
1,518,65
1,525,4
1,547,86
1,582,38
1,597,50
1,606,53
1,615,33
1,622,80
1,629,37
1,686,62
1,746,6
1,789,35
1,808,49
1,818,24
1,880,90
1,894,99
1,896,77
1,937,61
1,1018,2
1,1049,78
1,1113,68
1,1117,6
2,3,63
2,4,24
2,5,16
2,11,68
2,12,91
2,16,89
2,17,21
2,20,14
2,21,70
2,28,34
2,55,5
2,59,84
2,65,67
2,79,93
2,83,76
2,102,90
2,104,16
2,106,62
2,118,36
2,119,61
2,122,86
2,128,35
2,130,39
2,170,31
2,173,40
2,192,7
2,206,81
2,220,61
2,276,69
2,302,43
2,310,75
2,409,30
2,479,1
2,567,58
2,639,33
2,674,4
2,715,12
2,730,46
2,915,40
2,960,87
2,1016,3
2,1060,65
2,1130,84
3,4,20
3,5,26
3,7,41
3,10,31
3,35,73
3,37,23
3,39,2
3,42,26
3,60,97
3,61,74
3,68,8
3,71,84
3,74,62
3,77,58
3,81,66
3,99,42
3,107,95
3,109,2
3,125,48
3,146,81
3,147,65
3,152,91
3,154,30
3,158,50
3,161,59
3,168,37
3,194,60
3,201,38
3,205,70
3,207,72
3,212,59
3,224,64
3,226,4
3,228,24
3,236,26
3,297,96
3,425,45
3,443,1
3,456,46
3,550,69
3,557,41
3,575,95
3,593,74
3,647,36
3,781,62
3,827,58
3,962,90
3,992,69
3,1021,76
3,1031,16
3,1140,72
4,5,41
4,6,74
4,8,29
4,16,11
4,18,57
4,24,43
4,26,62
4,31,95
4,51,52
4,58,95
4,61,91
4,62,70
4,65,83
4,69,11
4,74,1
4,85,14
4,86,60
4,87,65
4,91,49
4,95,18
4,105,61
4,120,94
4,126,56
4,133,47
4,136,27
4,151,50
4,166,27
4,174,29
4,193,60
4,211,6
4,223,7
4,230,21
4,232,5
4,357,49
4,436,37
4,524,30
4,573,14
4,602,90
4,703,60
4,713,67
4,911,29
4,934,62
4,961,89
5,6,50
5,7,95
5,10,96
5,15,68
5,27,79
5,29,3
5,33,95
5,34,80
5,39,93
5,44,53
5,47,18
5,51,25
5,54,30
5,57,13
5,63,92
5,68,54
5,75,100
5,82,94
5,89,42
5,93,12
5,105,32
5,107,85
5,111,20
5,121,75
5,126,30
5,142,76
5,144,18
5,155,42
5,164,54
5,166,11
5,173,77
5,175,79
5,180,10
5,182,17
5,183,35
5,184,63
5,187,67
5,205,3
5,234,57
5,245,92
5,254,92
5,398,68
5,489,22
5,624,78
5,626,51
5,642,27
5,655,10
5,688,27
5,689,29
5,708,1
5,731,88
5,732,91
5,735,16
5,940,71
5,957,56
5,965,29
5,979,40
5,1044,89
5,1087,27
5,1097,75
6,10,90
6,13,72
6,63,63
6,87,54
6,126,70
6,168,15
6,179,56
6,214,2
6,291,62
6,315,99
6,386,18
6,531,72
6,572,42
6,657,32
6,736,88
6,740,47
6,814,23
6,916,50
6,935,18
6,968,3
7,21,21
7,36,69
7,38,9
7,47,35
7,79,73
7,103,49
7,144,7
7,152,18
7,210,28
7,342,35
7,389,93
7,503,16
7,523,46
7,653,67
7,747,59
7,749,75
7,12,1
7,8,82
7,9,80
7,14,99
7,46,64
7,65,76
8,9,33
8,17,5
8,27,30
8,117,62
8,12,22
8,33,26
8,50,37
8,93,81
8,98,76
8,125,58
8,144,15
8,176,67
9,17,26
9,19,67
9,25,90
9,34,91
9,46,51
9,52,99
9,68,90
9,102,83
9,113,13
9,116,72
9,127,85
9,135,4
9,145,62
9,149,11
9,154,55
9,196,53
9,199,4
9,264,84
9,303,3
9,305,70
9,323,84
9,351,91
9,374,74
9,387,41
9,399,6
9,431,95
9,435,80
9,439,58
9,487,16
9,530,51
9,536,7
9,543,51
9,553,52
9,558,45
9,569,95
9,574,39
9,640,40
9,678,51
9,684,59
9,710,52
9,723,82
9,738,71
9,765,28
9,767,40
9,773,34
9,797,64
9,798,81
9,842,85
9,885,77
9,890,33
9,898,20
9,904,13
9,997,56
9,1037,97
9,1047,39
9,1048,47
9,1080,12
9,1098,82
9,1106,56
9,1109,23
9,1112,83
9,1127,5
9,1132,97
9,1139,59
9,12,53
9,15,82
9,29,41
9,40,69
9,45,41
10,13,18
10,28,14
10,48,21
10,60,1
10,164,63
10,442,96
10,848,33
10,852,57
10,855,65
10,1019,91
10,1133,51
11,12,50
11,14,15
11,20,87
11,24,25
11,26,2
11,82,2
11,143,81
11,162,24
11,167,17
11,186,47
11,246,14
11,444,72
11,493,68
11,548,70
11,564,8
11,600,62
11,652,51
11,661,36
11,727,5
11,787,52
11,873,96
11,891,77
11,899,46
11,905,4
11,909,90
11,925,91
11,932,13
11,963,82
11,1002,63
11,1095,16
12,14,98
12,66,46
12,104,37
12,346,96
12,493,81
12,646,38
12,696,78
12,742,50
12,977,93
12,13,3
12,16,81
12,18,69
12,19,21
12,21,54
12,22,18
12,23,24
12,28,38
12,34,94
12,41,94
12,42,81
12,51,39
12,55,84
12,59,13
12,61,25
12,68,82
12,77,74
12,90,52
12,100,24
12,107,67
12,111,89
12,121,97
12,125,72
12,154,4
12,171,45
12,175,63
13,14,62
13,18,61
13,21,34
13,29,55
13,48,56
13,56,20
13,65,11
13,71,8
13,72,94
13,84,7
13,158,65
13,171,28
13,271,85
13,291,43
13,308,56
13,309,19
13,364,42
13,423,2
13,508,87
13,510,14
13,537,70
13,552,21
13,580,89
13,596,14
13,599,28
13,614,32
13,666,49
13,702,38
13,728,20
13,751,43
13,801,53
13,881,51
13,907,85
13,912,41
13,948,4
13,983,39
13,988,5
13,1111,41
13,1114,67
13,15,77
13,26,6
14,29,73
14,38,29
14,66,59
14,82,24
14,84,91
14,93,41
14,99,37
14,122,8
14,202,31
14,206,50
14,269,27
14,275,80
14,380,88
14,394,26
14,403,24
14,408,54
14,440,62
14,508,26
14,540,85
14,609,59
14,630,59
14,654,88
14,662,19
14,683,96
14,750,97
14,804,47
14,844,19
14,900,69
14,942,49
14,951,23
14,973,48
14,1065,23
14,1115,47
15,45,75
15,49,8
15,19,42
15,20,32
15,24,72
15,32,77
15,40,27
15,52,65
15,75,67
15,93,94
15,97,92
15,110,68
15,133,17
15,147,21
15,168,48
16,20,72
16,41,1
16,589,79
16,788,61
16,1094,24
17,27,15
17,57,56
17,59,90
17,86,28
17,102,11
17,150,81
17,195,61
17,217,62
17,280,28
17,312,6
17,313,20
17,397,97
17,488,90
17,792,55
17,807,22
17,856,35
17,887,88
17,992,95
17,1070,97
18,44,98
18,51,38
18,58,18
18,98,42
18,112,66
18,133,74
18,176,92
18,259,67
18,295,84
18,324,82
18,327,88
18,362,31
18,391,71
18,410,30
18,528,41
18,535,65
18,566,13
18,571,68
18,619,82
18,627,63
18,672,19
18,759,26
18,768,13
18,872,71
18,919,8
18,926,45
18,949,25
18,999,25
18,1013,52
18,1089,36
18,76,24
18,89,52
18,114,66
18,117,15
18,143,93
18,165,64
19,22,88
19,25,44
19,30,88
19,46,47
19,89,69
19,92,41
19,169,20
19,427,57
19,461,27
19,466,2
19,477,82
19,668,26
19,748,43
19,876,41
19,967,51
19,1034,87
19,1092,70
19,48,83
19,62,50
19,63,31
19,85,60
19,100,67
19,148,13
19,170,17
20,62,6
20,253,58
20,360,35
20,576,44
20,625,7
20,785,45
20,936,35
20,943,3
20,947,43
20,1097,11
20,1134,16
20,118,93
20,140,89
21,23,62
21,36,28
21,38,28
21,54,49
21,91,7
21,125,39
21,129,69
21,366,27
21,462,39
21,481,56
21,803,57
21,981,18
21,43,31
21,59,85
21,67,72
21,175,94
22,25,91
22,52,25
22,61,14
22,115,3
22,358,78
22,756,9
22,972,7
22,1136,42
22,43,95
22,71,94
22,86,60
22,102,17
22,110,94
22,123,19
23,78,44
23,233,97
23,416,63
23,719,89
23,923,5
23,1022,40
23,40,39
23,86,76
23,87,27
23,131,51
23,142,7
24,32,30
24,97,36
24,167,36
24,219,58
24,319,77
24,383,15
24,422,69
24,495,92
24,605,13
24,644,27
24,772,100
24,779,90
24,813,5
24,836,1
24,908,43
24,1000,4
24,177,79
25,161,89
25,263,81
25,405,97
25,480,21
25,705,57
25,879,74
25,892,37
25,986,58
25,991,86
25,1086,31
26,104,83
26,247,73
26,588,5
26,1120,96
26,28,99
26,47,18
26,51,49
26,57,14
26,109,48
26,136,74
27,31,35
27,57,97
27,468,82
27,729,32
27,753,92
27,1036,71
28,741,27
28,874,71
28,31,27
28,33,99
28,39,87
28,56,68
28,122,1
28,125,4
29,36,13
29,48,94
29,165,33
29,242,13
29,539,44
29,581,34
29,594,75
29,722,60
29,1091,93
31,42,46
31,80,49
31,83,9
31,110,82
31,120,3
31,140,35
31,288,1
31,292,34
31,352,60
31,413,64
31,500,63
31,512,26
31,515,43
31,565,75
31,628,7
31,752,50
31,930,47
31,964,97
31,969,11
31,971,30
31,87,74
31,91,79
31,101,67
32,33,2
32,42,63
32,90,100
32,117,92
32,132,69
32,188,49
32,195,9
32,230,95
32,251,39
32,258,55
32,304,70
32,334,14
32,450,30
32,482,98
32,492,41
32,526,71
32,562,29
32,578,2
32,603,4
32,621,94
32,659,77
32,665,69
32,671,51
32,796,65
32,851,81
32,1043,49
32,1061,91
32,1099,36
32,1132,65
32,37,69
32,68,86
32,70,73
32,78,60
32,80,52
32,149,10
32,155,61
32,175,39
33,109,57
33,123,37
33,173,33
33,238,3
33,421,87
33,506,32
33,580,71
33,583,59
33,608,58
33,643,17
33,658,41
33,714,61
33,764,17
33,833,82
33,840,15
33,886,82
33,950,59
33,1082,98
33,1085,94
33,1095,3
33,1118,61
33,1121,87
33,1126,71
33,49,72
33,53,85
33,56,73
33,78,60
34,161,97
35,95,15
35,243,73
35,273,47
35,331,56
35,334,89
35,412,40
35,568,81
35,628,39
35,676,69
35,705,16
35,810,96
35,1042,74
36,181,65
36,201,54
36,349,68
36,355,95
36,433,91
36,509,78
36,825,61
36,995,27
36,1074,70
36,1075,70
37,985,82
37,135,84
38,54,26
38,112,50
38,221,45
38,441,70
38,774,4
38,861,40
38,888,62
38,906,81
38,943,39
39,120,75
39,193,78
39,333,50
39,345,1
39,464,57
39,711,12
39,734,26
39,1100,23
39,43,3
39,94,2
39,119,67
40,170,72
40,281,75
40,458,6
40,92,65
40,106,96
40,112,85
40,160,76
40,171,2
41,778,51
41,837,63
41,1144,50
41,55,46
41,79,78
42,157,49
42,669,37
42,1119,97
43,69,44
43,116,5
43,289,58
43,341,60
43,737,63
43,1071,66
43,1105,24
43,49,23
43,56,95
43,64,50
43,81,37
43,162,53
46,99,30
46,146,29
46,165,68
46,166,100
47,109,98
47,133,13
48,56,23
48,58,66
48,189,16
48,194,79
48,208,3
48,237,58
48,348,72
48,502,48
48,817,53
48,1007,77
48,1030,3
48,1090,8
48,1129,1
49,54,21
49,67,55
49,73,9
49,92,83
49,95,76
50,124,22
50,712,22
50,1108,94
51,178,39
51,347,32
51,555,72
51,58,11
52,53,96
52,369,25
52,519,11
52,587,32
52,591,8
52,780,93
52,1008,61
52,167,96
52,196,32
53,55,15
53,103,97
53,108,24
53,112,82
53,136,18
53,151,20
53,183,40
53,223,48
53,256,79
53,266,97
53,298,18
53,335,39
53,344,91
53,356,24
53,393,26
53,418,61
53,467,2
53,474,17
53,497,87
53,498,55
53,501,39
53,505,40
53,513,48
53,545,72
53,608,23
53,660,36
53,695,78
53,719,31
53,777,98
53,845,51
53,897,19
53,917,60
53,924,85
53,926,78
53,959,63
53,982,99
53,998,91
53,1046,42
53,1052,43
53,1096,94
53,1103,65
54,76,82
54,316,81
54,1045,6
55,81,31
55,128,19
55,527,50
55,718,61
55,903,91
55,1124,95
55,1125,45
55,140,98
56,213,43
56,61,41
56,62,46
56,66,100
56,79,7
56,85,46
56,86,7
56,91,65
56,97,9
56,129,87
56,130,96
56,145,59
56,167,56
57,80,6
57,86,66
57,132,7
57,204,99
57,370,76
57,595,61
57,776,62
57,841,65
57,1083,51
58,63,73
58,70,25
58,72,40
58,179,89
58,190,45
58,326,17
58,478,29
58,490,47
58,823,76
58,838,94
58,859,94
58,945,5
58,67,19
59,81,44
59,107,12
59,114,3
59,196,71
59,199,40
59,250,95
59,252,79
59,267,19
59,414,59
59,415,75
59,428,28
59,472,49
59,592,75
59,612,93
59,704,88
59,784,25
59,811,64
59,816,73
59,865,51
59,882,85
59,975,43
59,1024,75
59,1040,12
59,1067,17
59,1073,54
59,1103,79
59,1112,75
59,74,83
59,106,56
59,164,14
60,111,84
60,177,48
60,294,81
60,311,10
60,579,78
60,632,57
60,864,68
60,1110,89
61,136,77
61,685,59
61,112,94
61,120,89
62,67,38
62,84,59
62,507,20
62,760,99
62,66,39
62,80,83
63,118,74
63,343,96
63,460,25
63,473,24
63,793,55
63,948,44
63,145,27
64,378,14
64,809,74
64,1006,63
65,211,99
65,802,14
66,158,26
66,208,66
66,211,39
66,224,21
66,270,96
66,283,60
66,317,96
66,359,52
66,432,9
66,563,89
66,620,20
66,681,33
66,717,98
66,771,64
66,819,65
66,850,8
66,871,75
66,902,67
66,952,91
66,1005,26
66,1027,91
66,1123,40
66,69,45
67,175,52
67,966,38
67,82,77
67,169,35
68,95,6
68,134,50
68,225,52
68,656,8
68,1014,17
69,255,43
69,278,82
69,322,29
69,417,8
69,449,91
69,542,38
69,929,1
69,1039,18
69,1063,3
69,80,12
69,103,37
70,110,1
70,124,76
70,161,68
70,164,95
70,168,43
70,222,13
70,307,94
70,337,34
70,586,21
70,645,6
70,757,54
70,976,56
70,1101,55
71,336,59
71,340,47
71,610,82
71,682,66
71,769,84
71,944,7
71,1010,28
71,1077,53
71,105,18
71,191,42
72,447,60
73,101,18
73,164,89
74,159,83
75,301,28
75,546,2
75,76,25
75,124,96
75,127,82
75,143,95
75,148,62
75,158,49
76,754,68
76,143,49
77,97,39
77,232,86
77,395,20
77,429,82
77,437,51
77,476,63
77,540,79
77,638,94
77,800,50
77,829,100
77,954,81
78,434,25
78,96,50
78,103,42
78,114,22
78,119,34
78,209,65
79,191,32
79,209,14
79,385,70
79,529,18
79,755,13
79,893,38
80,329,60
80,511,47
80,94,77
80,126,42
80,153,47
81,556,28
81,649,70
81,884,45
82,167,64
82,188,33
82,241,76
82,494,24
82,611,78
82,1138,57
83,361,98
83,569,35
83,665,12
83,964,80
83,182,21
84,994,4
85,138,49
85,330,86
85,586,7
85,770,93
85,144,34
85,161,10
86,677,32
86,706,25
86,95,81
86,101,30
86,106,9
87,88,95
87,142,74
87,382,30
87,426,52
88,92,60
88,118,67
88,166,35
88,214,67
88,379,9
88,549,39
88,555,71
88,680,33
88,782,33
88,794,100
88,795,33
88,805,82
88,854,57
88,895,34
88,220,14
89,318,7
89,396,10
89,448,15
89,1067,6
90,106,1
90,636,3
90,701,15
90,1107,56
90,134,67
91,130,21
91,496,61
91,875,23
91,946,62
91,1068,36
91,100,85
92,114,42
92,177,35
92,231,10
92,338,3
92,451,64
92,725,77
92,763,10
92,862,83
92,877,55
92,993,3
92,1055,77
92,1076,48
92,1145,92
94,651,81
94,124,82
94,137,19
94,159,39
95,485,21
95,984,76
95,1001,55
95,151,64
95,155,69
96,314,24
96,139,82
97,104,58
97,153,95
97,317,22
97,424,19
97,534,95
97,664,98
97,863,53
97,974,100
97,138,46
98,411,76
98,690,24
98,931,33
99,156,24
99,115,96
99,157,68
100,160,90
100,169,40
100,390,83
100,491,54
100,570,83
100,938,56
100,1011,86
100,1102,48
100,144,29
101,739,62
101,927,19
101,147,12
102,182,39
102,520,74
102,980,70
102,1093,17
102,169,66
102,215,84
103,209,81
103,296,75
103,901,53
103,1064,79
104,162,95
104,235,29
104,354,53
104,588,56
104,826,7
105,300,60
105,958,66
105,1088,54
106,353,66
106,400,82
106,469,24
106,648,70
106,694,6
106,697,42
106,707,9
106,883,54
106,224,25
107,867,96
109,119,11
109,167,28
109,274,100
109,371,27
109,406,83
109,452,3
109,516,87
109,607,5
110,455,32
110,1059,98
111,114,36
111,131,94
111,149,81
111,465,68
111,846,50
111,1038,31
111,1056,48
112,141,70
112,239,96
112,830,33
112,918,61
112,1072,97
112,1141,69
113,1041,95
114,193,9
114,240,58
114,262,30
114,525,60
114,1104,35
114,116,7
115,363,80
115,375,2
115,475,89
115,483,15
115,544,36
115,832,55
115,839,35
115,1029,69
115,1033,71
115,1066,37
115,127,84
116,869,92
118,853,15
118,1016,26
118,1020,19
119,148,66
119,205,100
119,522,26
119,532,38
119,1009,61
120,174,17
120,185,83
120,187,92
120,215,52
120,218,95
120,227,22
120,257,31
120,268,2
120,320,1
120,377,26
120,454,9
120,499,24
120,590,13
120,623,89
120,635,60
120,670,100
120,691,100
120,733,71
120,766,85
120,806,28
120,815,56
120,822,93
120,831,30
120,847,23
120,868,74
120,909,95
120,1003,35
120,1004,29
120,1012,9
120,1069,63
120,1131,22
121,285,83
121,834,23
121,1053,78
121,1062,54
121,138,99
122,130,69
122,384,56
122,1017,1
122,1026,56
123,148,85
123,675,38
124,637,34
124,922,43
125,470,32
125,835,9
127,132,94
127,761,21
128,824,68
128,910,38
128,193,39
130,206,32
130,416,91
130,673,2
132,419,51
132,743,88
132,920,3
133,171,35
133,206,37
133,249,85
133,261,17
133,321,99
133,350,6
133,368,9
133,402,79
133,453,78
133,523,71
133,604,86
133,687,88
133,692,58
133,709,29
133,762,99
133,858,54
133,913,98
133,987,24
133,1023,42
133,1054,85
133,1078,95
133,1122,10
133,211,59
134,139,95
134,225,56
134,306,22
134,361,15
134,381,7
134,601,99
134,631,88
134,700,43
134,716,29
134,744,77
134,758,92
134,889,95
134,928,25
134,1135,76
136,169,22
136,978,90
136,177,90
137,613,72
138,185,68
139,198,81
140,430,70
140,698,83
140,1058,35
140,1081,88
140,1142,34
141,210,39
142,222,64
142,849,83
143,463,51
143,560,82
143,1051,8
144,287,60
144,1028,59
145,517,86
145,584,43
145,828,85
145,921,32
145,1050,15
146,367,13
146,914,97
147,1137,72
148,260,93
148,1147,76
149,459,52
149,616,74
149,663,3
149,783,31
149,1116,72
150,198,9
150,204,59
151,554,65
151,577,56
151,857,10
151,1057,92
153,410,28
153,633,90
154,538,97
154,598,30
154,1025,87
155,284,94
155,634,37
156,191,46
156,248,40
156,332,53
156,349,14
156,365,37
156,446,54
156,541,100
157,559,21
157,733,6
158,775,49
159,272,81
159,457,13
159,786,84
160,516,62
161,214,40
161,955,26
162,219,29
162,445,1
162,939,38
163,471,35
163,521,89
163,561,74
163,641,96
163,870,74
163,933,36
163,1079,60
164,208,95
164,484,54
165,197,36
165,720,49
165,745,57
165,793,32
165,990,72
165,214,21
166,189,92
166,228,15
166,373,13
166,438,40
166,551,31
166,724,1
166,820,80
166,172,36
167,172,72
167,186,48
167,244,37
167,486,65
167,837,74
167,1015,7
168,310,26
168,941,25
168,953,77
168,1032,24
169,229,99
169,799,77
169,174,57
170,407,19
170,699,53
170,956,39
170,1035,30
171,290,59
171,970,33
172,187,64
173,230,61
173,299,82
173,392,38
174,265,82
174,504,36
174,650,79
174,667,19
174,693,22
174,1084,34
176,226,80
176,293,7
176,301,33
176,514,70
177,721,28
177,790,86
177,840,50
177,866,78
178,208,33
182,193,37
192,196,46
212,223,78
213,222,60
