2933
0,1,28
0,2,4
0,3,79
0,4,45
0,5,50
0,6,66
0,7,75
0,8,21
0,10,73
0,13,22
0,18,94
0,20,93
0,22,81
0,25,21
0,28,11
0,35,79
0,36,67
0,43,56
0,45,89
0,61,66
0,63,51
0,70,82
0,72,53
0,75,4
0,84,16
0,86,83
0,87,95
0,88,28
0,92,15
0,101,21
0,102,90
0,105,52
0,106,64
0,109,35
0,112,57
0,117,87
0,128,99
0,136,68
0,137,16
0,138,46
0,140,71
0,150,87
0,163,60
0,169,71
0,176,43
0,181,5
0,199,76
0,221,72
0,222,21
0,227,67
0,256,37
0,257,100
0,264,97
0,267,41
0,270,64
0,271,94
0,272,92
0,275,34
0,278,63
0,279,12
0,283,40
0,293,29
0,298,51
0,300,39
0,303,47
0,307,71
0,316,63
0,322,70
0,324,58
0,326,38
0,339,21
0,340,51
0,344,72
0,347,95
0,349,69
0,350,96
0,361,35
0,364,7
0,366,34
0,369,81
0,370,86
0,372,18
0,395,100
0,439,10
0,465,69
0,471,54
0,526,33
0,554,85
0,617,57
0,632,10
0,635,87
0,646,60
0,690,2
0,758,24
0,771,91
0,841,91
0,842,10
0,918,34
0,937,22
0,946,71
0,999,86
0,1034,65
0,1046,83
0,1086,51
0,1146,17
0,1156,4
0,1173,2
0,1297,3
0,1354,96
0,1359,100
0,1404,97
0,1410,42
0,1481,32
0,1513,96
0,1535,62
0,1604,54
0,1616,34
0,1650,99
0,1687,21
0,1689,53
0,1698,12
0,1710,39
0,1723,78
0,1737,78
0,1755,69
1,2,44
1,3,31
1,4,69
1,5,47
1,16,48
1,21,12
1,23,62
1,28,70
1,69,20
1,83,66
1,108,93
1,119,53
1,133,32
1,141,34
1,156,45
1,165,92
1,167,80
1,175,77
1,182,80
1,194,91
1,200,23
1,203,76
1,204,4
1,210,91
1,232,56
1,235,27
1,257,92
1,262,64
1,301,90
1,311,49
1,315,15
1,336,24
1,351,93
1,355,40
1,360,95
1,371,34
1,372,88
1,407,65
1,436,82
1,567,27
1,701,27
1,717,5
1,851,2
1,888,82
1,979,74
1,1033,89
1,1038,51
1,1080,35
1,1134,1
1,1148,18
1,1153,55
1,1158,91
1,1284,20
1,1312,32
1,1350,76
1,1511,42
1,1616,43
1,1641,100
2,3,55
2,4,29
2,5,69
2,6,62
2,7,8
2,12,63
2,13,47
2,19,6
2,23,31
2,25,26
2,29,84
2,31,30
2,42,56
2,60,47
2,61,49
2,63,81
2,69,93
2,81,32
2,82,86
2,83,22
2,84,33
2,85,63
2,96,2
2,99,4
2,105,89
2,106,51
2,111,59
2,114,5
2,122,73
2,123,89
2,145,68
2,163,8
2,171,88
2,172,21
2,173,27
2,176,87
2,179,4
2,180,83
2,194,44
2,196,83
2,206,80
2,208,31
2,212,28
2,213,91
2,215,74
2,223,71
2,229,93
2,232,29
2,233,57
2,237,72
2,241,78
2,245,60
2,249,35
2,251,31
2,253,18
2,264,92
2,265,18
2,269,90
2,272,46
2,284,23
2,287,89
2,291,10
2,297,46
2,304,5
2,307,39
2,308,94
2,310,43
2,320,74
2,334,11
2,340,84
2,353,29
2,357,34
2,360,14
2,423,30
2,475,23
2,543,38
2,594,40
2,625,49
2,629,51
2,671,57
2,684,21
2,702,56
2,731,66
2,747,60
2,789,60
2,808,86
2,882,74
2,901,84
2,917,41
2,939,18
2,954,24
2,1003,19
2,1028,78
2,1042,45
2,1108,89
2,1116,49
2,1137,95
2,1185,92
2,1214,67
2,1217,99
2,1252,96
2,1281,82
2,1285,58
2,1319,80
2,1346,17
2,1362,81
2,1378,35
2,1394,10
2,1395,27
2,1410,63
2,1434,41
2,1461,3
2,1489,10
2,1492,22
2,1502,3
2,1509,61
2,1567,71
2,1615,6
2,1635,26
2,1748,17
2,1752,67
2,1765,54
2,1793,94
2,1794,37
2,1806,96
2,1813,28
2,1818,88
3,4,64
3,5,32
3,9,76
3,12,5
3,14,36
3,19,34
3,33,53
3,35,7
3,40,28
3,43,88
3,44,74
3,47,44
3,53,5
3,80,9
3,91,72
3,95,27
3,96,48
3,102,29
3,111,4
3,120,84
3,123,79
3,129,64
3,139,14
3,142,36
3,144,11
3,146,2
3,148,71
3,152,67
3,154,43
3,161,49
3,170,94
3,172,33
3,178,52
3,186,100
3,188,7
3,206,98
3,213,58
3,218,37
3,220,9
3,225,1
3,226,91
3,231,30
3,232,58
3,238,95
3,241,21
3,256,64
3,258,99
3,260,98
3,264,24
3,270,40
3,276,93
3,279,8
3,294,35
3,297,93
3,302,19
3,314,97
3,320,39
3,321,68
3,324,46
3,326,76
3,327,75
3,333,95
3,335,34
3,341,52
3,348,6
3,443,24
3,444,75
3,506,24
3,508,26
3,551,38
3,569,88
3,593,85
3,603,92
3,614,56
3,632,64
3,689,90
3,753,83
3,769,63
3,806,52
3,833,55
3,942,86
3,947,41
3,948,16
3,1096,83
3,1105,53
3,1292,91
3,1296,31
3,1340,83
3,1413,66
3,1456,29
3,1479,77
3,1491,22
3,1534,81
3,1549,30
3,1626,18
3,1645,25
3,1659,47
3,1664,100
3,1714,90
4,5,19
4,7,10
4,8,98
4,9,4
4,11,87
4,15,98
4,18,48
4,21,99
4,31,48
4,37,98
4,38,42
4,47,82
4,64,86
4,71,95
4,86,22
4,88,1
4,92,26
4,94,62
4,101,93
4,104,67
4,128,88
4,133,96
4,139,65
4,144,26
4,145,25
4,168,80
4,174,51
4,177,99
4,187,50
4,191,38
4,205,4
4,212,39
4,216,92
4,230,4
4,248,87
4,252,76
4,254,35
4,256,99
4,257,81
4,280,27
4,288,6
4,296,32
4,299,29
4,300,61
4,307,100
4,308,56
4,314,17
4,315,10
4,331,24
4,340,30
4,341,33
4,452,83
4,494,16
4,495,24
4,515,86
4,525,93
4,599,61
4,727,78
4,737,22
4,782,8
4,814,52
4,824,11
4,846,99
4,1073,62
4,1093,6
4,1099,26
4,1103,96
4,1111,97
4,1122,53
4,1195,70
4,1238,20
4,1249,97
4,1401,94
4,1407,41
4,1437,21
4,1442,67
4,1475,62
4,1493,64
4,1515,44
4,1585,79
4,1626,49
4,1644,39
4,1690,58
4,1767,69
4,1788,70
5,6,92
5,9,31
5,10,38
5,12,4
5,13,6
5,54,18
5,80,40
5,85,37
5,86,19
5,91,84
5,94,86
5,102,7
5,103,17
5,119,2
5,122,5
5,129,77
5,136,22
5,137,21
5,147,62
5,154,32
5,155,56
5,157,27
5,160,54
5,173,79
5,179,42
5,182,70
5,186,39
5,197,10
5,199,52
5,211,40
5,214,7
5,218,48
5,223,26
5,224,69
5,227,100
5,229,47
5,233,99
5,243,96
5,247,30
5,248,55
5,250,4
5,259,93
5,272,99
5,278,26
5,282,6
5,284,72
5,286,42
5,291,96
5,298,1
5,301,77
5,302,34
5,316,90
5,338,96
5,342,21
5,348,16
5,361,33
5,427,38
5,575,3
5,582,34
5,634,14
5,648,14
5,683,72
5,697,85
5,715,46
5,773,38
5,884,3
5,1044,69
5,1124,84
5,1370,56
5,1371,58
5,1393,64
5,1455,57
5,1501,74
5,1506,49
5,1598,41
5,1600,31
5,1736,36
5,1772,48
6,15,28
6,16,49
6,40,41
6,65,18
6,104,100
6,143,79
6,149,44
6,153,73
6,244,85
6,247,30
6,288,61
6,571,24
6,779,93
6,790,60
6,990,30
6,1079,33
6,1099,66
6,1326,29
6,1392,57
6,1459,51
6,1472,29
6,1643,100
6,1795,21
7,13,14
7,21,85
7,42,78
7,52,8
7,60,24
7,63,23
7,87,7
7,113,60
7,127,72
7,138,61
7,158,47
7,185,92
7,189,86
7,206,44
7,225,95
7,299,37
7,345,43
7,669,68
7,714,59
7,778,14
7,928,80
7,1012,22
7,1120,58
7,1121,75
7,1383,30
7,1385,80
7,1447,43
7,1535,13
7,1614,34
7,1732,26
7,27,72
7,124,6
7,68,57
7,8,41
7,10,98
7,12,83
7,17,73
7,19,57
7,24,4
7,32,17
7,34,78
7,36,94
7,38,11
7,45,56
7,46,43
7,64,58
7,81,88
7,99,92
7,103,10
7,112,11
7,119,24
7,153,6
7,159,67
7,161,38
7,195,89
7,218,25
8,12,4
8,18,40
8,26,54
8,39,15
8,74,35
8,78,72
8,82,6
8,132,47
8,180,24
8,214,68
8,315,80
8,321,97
8,357,58
8,388,92
8,477,11
8,492,75
8,499,44
8,588,18
8,657,65
8,1006,27
8,1085,71
8,1095,69
8,1541,28
8,1579,97
8,1711,38
8,1718,41
8,1775,45
8,35,34
8,36,52
8,150,96
9,10,68
9,11,57
9,17,79
9,20,60
9,24,97
9,32,37
9,38,70
9,95,88
9,120,63
9,123,78
9,130,44
9,235,88
9,239,85
9,240,37
9,279,45
9,390,86
9,417,11
9,455,47
9,524,71
9,576,93
9,624,16
9,963,67
9,1048,3
9,1056,94
9,1119,23
9,1127,3
9,1128,20
9,1167,8
9,1277,98
9,1316,33
9,1382,98
9,1523,3
9,1652,28
9,124,24
9,27,56
9,151,50
10,11,5
10,20,82
10,32,20
10,54,6
10,55,81
10,93,67
10,95,8
10,106,37
10,152,69
10,166,45
10,179,39
10,274,86
10,275,42
10,292,14
10,305,56
10,313,32
10,453,4
10,487,67
10,539,17
10,733,39
10,798,57
10,800,11
10,1280,92
10,1446,52
10,1498,23
10,1568,66
10,1575,54
10,1674,24
10,1683,15
10,1697,12
10,1703,42
10,1789,40
10,1796,34
10,27,4
10,22,64
10,35,95
10,40,96
10,53,86
10,104,26
10,178,11
10,194,21
11,55,41
11,121,81
11,159,71
11,234,74
11,311,64
11,323,70
11,1008,89
11,1219,11
11,1330,16
11,1460,85
11,1545,83
11,1691,58
11,1753,30
11,124,62
11,118,73
11,136,8
12,18,21
12,27,23
12,289,30
12,1313,24
12,1314,40
12,1556,73
12,1608,96
12,1684,68
12,13,57
12,15,93
12,20,87
12,21,4
12,24,82
12,28,80
12,170,63
12,207,66
12,224,52
13,21,3
13,127,79
13,142,6
13,353,74
13,469,25
13,641,37
13,670,46
13,941,36
13,1012,93
13,1070,94
13,1666,60
13,1704,72
13,1739,53
13,1749,69
13,1819,39
13,124,9
13,27,95
13,16,54
13,19,14
13,282,52
14,109,1
14,324,13
15,16,22
15,103,29
15,177,26
15,312,59
15,365,47
15,401,47
15,472,31
15,504,3
15,659,3
15,1177,83
15,1496,5
15,21,89
15,55,15
15,105,17
15,245,8
16,25,51
16,28,74
16,29,12
16,34,93
16,36,74
16,49,81
16,57,62
16,64,97
16,66,46
16,71,63
16,89,31
16,130,91
16,140,82
16,153,67
16,160,38
16,161,29
16,164,60
16,166,59
16,188,37
16,198,15
16,207,88
16,215,70
16,237,55
16,301,98
16,310,39
16,317,15
16,330,52
16,336,89
16,354,48
16,363,95
16,392,92
16,419,83
16,428,91
16,460,35
16,463,16
16,503,77
16,511,56
16,521,52
16,527,75
16,540,96
16,561,38
16,565,72
16,595,1
16,597,25
16,602,40
16,607,36
16,612,24
16,623,6
16,630,25
16,645,22
16,660,7
16,704,68
16,706,45
16,713,19
16,716,30
16,762,65
16,781,15
16,832,90
16,834,51
16,850,62
16,876,86
16,891,7
16,904,51
16,918,78
16,930,59
16,988,38
16,995,80
16,1024,55
16,1066,79
16,1089,5
16,1094,76
16,1097,35
16,1107,16
16,1123,63
16,1147,89
16,1159,47
16,1184,93
16,1208,75
16,1236,26
16,1246,40
16,1254,99
16,1263,97
16,1288,94
16,1301,68
16,1365,38
16,1386,68
16,1433,21
16,1474,91
16,1525,34
16,1578,6
16,1580,34
16,1586,49
16,1588,51
16,1613,44
16,1625,20
16,1630,5
16,1631,74
16,1637,70
16,1639,47
16,1661,58
16,1663,68
16,1665,86
16,1702,4
16,1709,24
16,1715,59
16,1721,67
16,1725,76
16,1776,76
16,1783,59
16,1804,65
16,124,64
16,21,13
17,24,55
17,32,22
17,1605,37
17,40,86
18,26,51
18,39,16
18,51,92
18,59,88
18,108,76
18,124,41
18,266,71
18,300,63
18,321,25
18,615,29
18,656,13
18,849,60
18,915,24
18,1282,74
18,1628,31
19,22,10
19,29,94
19,46,58
19,49,97
19,125,19
19,240,41
19,261,65
19,331,13
19,363,70
19,379,86
19,503,65
19,517,41
19,609,97
19,622,17
19,692,3
19,715,96
19,986,45
19,1049,74
19,1184,32
19,1265,98
19,1274,34
19,1279,95
19,1490,19
19,1566,77
19,1617,3
19,1811,1
20,24,31
20,38,62
20,55,32
20,67,67
20,73,97
20,97,36
20,152,84
20,183,70
20,296,92
20,368,24
20,528,57
20,631,89
20,757,31
20,795,51
20,956,65
20,960,9
20,1091,14
20,1169,77
20,1323,15
20,1437,62
20,1555,100
20,1759,6
20,1763,20
20,1785,44
20,124,75
20,41,82
20,122,90
20,151,65
21,60,71
21,77,8
21,94,43
21,167,54
21,182,91
21,185,97
21,232,64
21,319,2
21,322,26
21,464,91
21,507,54
21,509,67
21,514,80
21,538,25
21,828,60
21,1264,15
21,1444,28
21,1464,80
21,1477,59
21,1487,58
21,1660,92
21,1686,32
21,1706,52
21,1766,11
21,25,53
21,41,14
21,49,43
21,52,6
21,83,81
21,88,81
22,36,65
22,49,72
22,103,14
22,746,68
22,1430,25
22,124,2
22,68,84
22,202,20
23,35,22
23,68,68
23,83,9
23,481,10
23,783,7
23,913,51
23,1302,26
24,54,17
24,558,36
24,977,70
24,30,35
24,233,100
25,172,46
25,1328,85
25,1589,6
25,27,47
25,28,59
25,48,3
25,52,63
25,86,12
25,90,72
25,99,78
25,208,6
25,230,35
26,56,93
26,68,4
26,1618,36
26,1719,100
26,124,38
26,54,54
26,82,36
26,213,93
27,30,52
27,34,58
27,37,63
27,39,29
27,43,41
27,60,66
27,62,6
27,66,36
27,69,90
27,81,24
27,82,99
27,100,69
27,120,10
27,126,68
27,141,28
27,158,97
27,195,23
27,229,12
27,256,45
27,285,59
27,290,21
28,30,53
28,88,29
28,1728,91
28,92,23
28,219,6
29,84,9
29,228,45
29,400,11
29,810,44
29,900,66
29,908,89
29,1368,46
29,1518,43
29,1583,68
30,70,19
30,134,19
30,654,46
30,720,49
30,796,55
30,100,38
30,274,100
31,78,71
31,349,78
31,674,91
31,965,52
31,1052,11
31,1295,99
31,1590,52
31,68,99
31,36,64
31,44,71
31,46,65
31,71,44
31,85,29
31,96,50
31,205,99
32,41,44
32,73,84
32,306,65
32,338,81
32,355,41
32,573,61
32,586,85
32,693,34
32,861,86
32,1063,18
32,1145,7
32,1224,48
32,1233,65
32,1821,34
32,117,13
32,125,41
32,148,52
32,196,29
32,203,58
32,250,84
32,278,15
33,41,75
33,359,32
33,585,88
33,791,25
33,800,57
33,856,67
33,1807,36
34,98,39
34,117,26
34,164,84
34,207,27
34,312,15
34,605,33
34,934,56
34,957,61
34,1078,65
34,1140,90
34,1693,34
34,39,54
34,130,84
34,156,59
34,157,76
34,230,9
35,50,34
35,111,83
35,157,75
35,217,2
35,231,15
35,266,27
35,285,72
35,393,16
35,501,10
35,662,28
35,691,4
35,710,60
35,912,51
35,940,40
35,1062,36
35,1608,75
35,1627,66
35,1830,6
35,124,21
35,315,71
36,45,19
36,103,71
36,149,17
36,459,75
36,1607,24
36,1768,80
36,57,85
36,63,69
36,111,52
36,115,24
36,152,13
36,165,76
36,235,3
37,48,75
37,57,93
37,77,27
37,1266,30
37,68,51
38,44,50
38,73,21
38,76,73
38,120,54
38,238,69
38,239,3
38,292,61
38,298,98
38,329,28
38,411,92
38,556,85
38,587,4
38,730,92
38,745,61
38,768,55
38,897,76
38,1047,14
38,1117,18
38,1151,40
38,1154,56
38,1234,2
38,1344,63
38,1429,19
38,1516,45
38,1696,65
38,1726,98
38,1734,2
38,78,32
39,48,59
39,59,24
39,209,18
39,473,92
39,515,46
39,643,18
39,1320,28
40,45,11
40,65,45
40,98,81
40,116,33
40,1426,67
40,42,37
40,47,64
40,70,53
40,240,28
40,263,47
40,269,67
41,44,70
41,67,32
41,141,20
41,239,7
41,304,24
41,437,44
41,536,8
41,952,37
41,1411,29
41,124,5
41,73,98
41,85,77
42,56,93
42,93,85
42,94,65
42,189,38
42,200,58
42,319,72
42,356,37
42,461,84
42,568,68
42,604,42
42,729,57
42,743,63
42,927,21
42,1055,39
42,1060,31
42,1083,48
42,1144,4
42,1389,18
42,1530,91
42,1656,87
42,1784,41
42,46,16
42,190,81
43,53,87
43,82,29
43,111,45
43,157,34
43,325,64
43,352,41
43,466,1
43,970,14
43,1102,71
43,1245,57
43,1257,16
43,1543,38
43,1627,31
43,1708,40
43,124,58
43,49,12
43,141,20
43,159,70
43,187,44
44,121,2
44,183,66
44,350,70
44,382,43
44,404,89
44,652,38
45,117,29
45,125,21
45,149,75
45,190,10
45,215,12
45,274,73
45,287,15
45,306,11
45,409,47
45,480,99
45,505,96
45,516,11
45,553,94
45,598,1
45,621,61
45,696,89
45,712,61
45,780,88
45,811,18
45,852,42
45,978,20
45,984,45
45,1008,5
45,1136,8
45,1183,81
45,1261,57
45,1278,49
45,1332,19
45,1418,50
45,1485,4
45,1516,64
45,1558,23
45,1620,39
45,1681,26
45,1750,98
45,1827,17
45,124,86
45,52,31
45,84,68
45,86,77
45,226,69
45,244,6
45,279,77
46,445,23
46,83,86
46,110,9
46,112,84
46,114,44
46,123,66
46,128,67
46,228,18
47,65,93
47,76,88
47,97,31
47,107,48
47,125,40
47,135,23
47,167,56
47,312,35
47,346,68
47,373,52
47,405,15
47,409,26
47,570,35
47,676,38
47,765,26
47,825,70
47,890,20
47,935,58
47,992,64
47,1150,24
47,1193,86
47,1211,79
47,1357,52
47,1497,96
47,1508,32
47,1514,6
47,1539,20
47,1571,20
47,1668,98
47,1820,65
47,1826,1
47,181,50
48,57,73
48,58,4
48,99,84
48,104,84
48,116,9
48,126,85
48,267,40
48,290,6
48,337,57
48,608,68
48,618,16
48,776,51
48,797,49
48,1101,87
48,1130,47
48,1197,51
48,1338,38
48,1372,34
48,1387,32
48,1397,88
48,1503,32
48,1521,18
48,1547,60
48,1633,9
48,1790,27
48,1834,45
48,206,1
48,274,15
49,110,82
49,277,1
49,365,39
49,397,37
49,429,21
49,626,87
49,734,91
49,929,81
49,1322,89
49,1494,62
49,1822,3
49,56,11
49,57,37
49,58,25
49,62,42
49,92,5
49,93,84
49,106,25
49,126,67
49,131,39
49,133,2
49,145,70
49,174,63
49,269,92
49,312,14
50,922,14
50,124,59
50,107,64
51,227,31
51,124,12
52,113,3
52,171,98
52,225,64
52,227,24
52,318,51
52,398,50
52,430,12
52,520,80
52,1075,9
52,1349,7
52,1507,3
52,63,4
52,117,2
52,181,22
52,241,52
52,252,31
53,56,12
53,62,17
53,82,54
53,118,55
53,226,76
53,266,19
53,989,98
53,1015,39
53,1166,38
53,1248,30
53,1272,83
53,1636,34
53,145,86
54,313,83
54,925,95
54,58,48
54,64,75
54,124,50
54,231,52
55,97,14
55,94,23
56,74,34
56,116,39
56,209,10
56,290,3
56,357,76
56,474,55
56,589,79
56,591,64
56,813,94
56,816,32
56,878,30
56,1017,38
56,1230,18
56,1270,34
56,80,31
56,139,61
57,61,6
57,71,37
57,96,53
57,75,57
57,95,45
57,215,3
58,64,42
58,85,95
58,102,46
58,115,11
58,146,89
58,173,2
58,450,90
58,700,95
58,1682,70
58,67,3
58,87,38
58,291,70
59,1126,73
59,1577,3
59,124,87
59,93,48
59,98,38
59,154,39
59,158,84
59,182,58
59,255,98
59,260,71
60,127,22
60,155,16
60,1061,61
60,1199,41
60,1204,87
60,1345,32
60,1384,82
61,77,48
61,81,99
61,100,20
61,173,27
61,237,50
61,253,89
61,267,63
61,281,99
61,295,41
61,432,83
61,785,93
61,877,79
61,1182,57
61,1327,47
61,1364,86
61,1441,81
61,1465,27
61,1622,25
61,1658,95
61,1770,60
61,1799,1
61,367,61
62,90,67
62,1098,24
62,1306,66
62,196,2
62,203,80
62,223,95
63,994,4
64,122,45
64,1440,64
64,67,30
65,249,60
65,926,67
65,1072,62
65,1305,87
65,1729,24
65,1824,56
65,339,2
66,463,73
66,601,64
66,775,32
66,1692,34
66,70,94
66,73,35
66,166,78
66,185,38
66,193,21
66,226,84
66,248,44
66,256,79
66,274,14
66,275,63
66,297,23
66,359,87
67,159,53
67,243,94
67,258,53
67,542,87
67,985,67
67,124,55
67,79,95
67,105,10
67,192,2
67,200,25
67,207,7
67,218,75
67,219,62
67,242,41
67,297,52
68,1363,29
68,1831,69
69,70,51
69,75,92
69,185,84
69,203,27
69,230,52
69,250,12
69,282,55
69,334,5
69,383,75
69,413,25
69,441,4
69,689,61
69,862,60
69,920,50
69,953,74
69,997,78
69,1054,34
69,1192,34
69,1232,56
69,1293,7
69,1417,18
69,1486,47
69,1677,49
69,1680,52
69,1741,59
69,1805,56
69,73,100
69,81,96
69,115,13
69,328,30
70,131,81
70,845,35
70,1341,19
70,1580,9
70,124,37
70,77,6
70,261,92
70,295,66
71,72,34
71,76,10
71,107,85
71,134,39
71,174,63
71,183,15
71,238,29
71,253,73
71,304,85
71,305,73
71,313,17
71,338,21
71,545,96
71,663,89
71,757,7
71,822,14
71,865,28
71,951,77
71,971,70
71,973,82
71,996,20
71,1441,66
71,1470,43
71,1576,31
71,1594,5
71,1620,63
71,1782,45
72,323,48
72,724,93
72,754,86
72,1043,47
72,1065,67
72,1088,25
72,1290,81
72,124,5
73,183,55
73,640,93
73,871,65
73,1056,30
73,1453,89
73,96,6
73,136,79
73,189,97
73,210,46
73,265,9
74,90,6
74,547,10
74,1158,79
74,1504,90
74,124,57
74,163,83
74,210,52
75,118,4
75,232,83
75,249,11
76,270,51
76,1829,52
77,109,97
77,181,2
77,189,10
77,202,81
77,316,23
77,371,62
77,431,13
77,498,49
77,532,96
77,616,24
77,719,88
77,756,58
77,774,28
77,943,56
77,980,35
77,1115,5
77,1172,54
77,1307,13
77,1369,26
77,1428,35
77,1439,74
77,1468,40
77,1495,80
77,1519,43
77,1553,52
77,1570,72
77,1655,50
77,1660,64
77,1704,7
77,1754,13
77,124,38
78,79,30
78,144,96
78,251,39
78,424,24
78,703,58
78,892,81
78,1113,95
78,91,46
79,201,21
79,1812,1
79,166,77
79,169,4
79,250,84
80,158,18
80,201,19
80,293,44
81,151,6
81,188,22
81,759,96
81,1222,68
81,113,2
81,160,57
81,169,64
81,183,100
81,195,77
81,253,52
82,162,12
82,201,91
82,357,90
82,402,97
82,637,87
82,740,62
82,966,13
82,1170,76
82,1353,10
82,1471,28
82,1528,75
82,1695,70
82,88,74
82,114,62
82,121,84
82,198,43
82,243,74
83,216,6
83,667,77
83,1303,81
83,1343,34
83,1412,60
83,1713,52
83,184,16
84,98,37
84,169,1
84,983,38
84,1685,20
84,270,28
85,129,91
85,192,3
85,330,56
85,1722,16
85,1738,10
85,1745,100
85,102,66
85,190,14
85,276,73
86,210,23
86,341,67
86,1324,78
86,172,93
86,196,16
86,280,57
87,113,35
87,546,14
87,1179,51
87,1309,25
87,216,100
88,145,10
88,158,94
88,208,8
88,250,84
88,358,25
88,458,17
88,482,65
88,672,65
88,675,43
88,766,98
88,794,32
88,857,73
88,869,6
88,998,35
88,1004,72
88,1125,36
88,1207,5
88,1266,71
88,1283,7
88,1286,31
88,1325,78
88,1352,67
88,1414,82
88,1416,86
88,1422,84
88,1467,8
88,1484,1
88,1560,10
88,1582,71
88,1609,26
88,1632,18
88,1648,36
88,1662,94
88,1701,32
88,1758,56
88,103,69
88,257,2
88,260,65
88,266,55
90,217,66
90,289,66
91,1243,33
91,1747,56
91,104,93
91,194,49
91,345,49
92,156,39
92,335,42
92,337,49
92,490,12
92,560,41
92,699,84
92,761,52
92,791,39
92,807,30
92,981,90
92,1045,89
92,1131,25
92,1186,92
92,1473,82
92,1649,92
92,1756,96
92,288,16
93,635,51
93,695,88
93,861,100
93,1104,77
94,143,84
94,324,91
94,378,36
94,552,86
94,572,18
94,860,4
94,1058,31
94,1149,100
94,1500,4
95,165,17
95,195,61
95,1260,73
95,1271,92
96,115,46
96,140,41
96,148,5
96,354,56
96,124,91
96,203,52
96,239,100
96,244,85
97,274,44
97,1216,81
97,124,11
97,197,81
97,242,63
97,276,27
98,739,19
98,903,82
98,1676,23
99,136,82
99,166,40
99,191,2
99,267,66
99,389,18
99,1040,86
99,1161,94
99,1228,93
99,1237,7
99,1476,99
99,1538,25
99,1792,82
99,262,50
102,115,48
102,128,45
102,132,70
102,176,28
102,181,95
102,242,65
102,254,81
102,271,35
102,285,50
102,294,38
102,309,47
102,327,59
102,412,13
102,502,54
102,560,38
102,563,88
102,579,6
102,673,61
102,969,26
102,1014,38
102,1018,37
102,1019,33
102,1029,59
102,1071,89
102,1074,9
102,1171,77
102,1174,72
102,1180,94
102,1253,19
102,1256,86
102,1321,33
102,1331,37
102,1367,55
102,1400,33
102,1524,49
102,1611,91
102,1634,31
102,1647,6
102,1722,76
102,1740,80
102,1742,1
102,1757,93
102,1761,28
102,1791,39
102,147,72
103,132,6
103,214,99
103,217,14
103,222,88
103,262,82
103,348,27
103,352,37
103,356,74
103,362,72
103,530,19
103,776,64
103,826,37
103,839,96
103,879,43
103,1010,31
103,1014,56
103,1022,91
103,1035,54
103,1077,30
103,1164,9
103,1201,2
103,1203,24
103,1275,99
103,1332,4
103,1339,50
103,1376,78
103,1388,58
103,1522,70
103,1561,74
103,1615,20
103,1751,64
103,1816,15
103,1835,58
103,123,33
103,312,14
103,346,52
104,252,47
104,910,26
104,975,35
104,1143,94
104,212,31
104,272,48
105,193,89
105,457,69
105,664,70
105,817,71
105,835,4
105,1424,70
105,180,69
105,264,30
105,276,73
106,170,62
106,193,9
106,240,39
106,932,87
106,1167,11
106,1679,58
106,168,47
107,192,10
107,438,21
107,968,23
107,1546,58
107,1563,89
107,1815,29
108,449,97
108,909,16
109,686,22
109,792,47
109,803,40
109,1438,68
109,316,64
110,124,55
110,114,7
111,214,24
111,245,62
111,318,67
111,372,70
111,386,50
111,462,75
111,510,90
111,518,52
111,523,1
111,615,77
111,644,6
111,863,42
111,880,7
111,958,80
111,1010,80
111,1025,32
111,1200,19
111,1454,12
111,1544,27
111,1572,10
111,1640,43
111,1720,92
111,1764,86
111,1797,57
111,163,30
112,116,12
112,176,54
113,213,3
113,236,6
113,425,69
113,855,8
113,1552,35
113,124,3
114,859,75
114,146,1
114,257,85
114,357,83
115,122,68
115,151,25
115,160,6
115,176,96
115,178,53
115,192,4
115,205,35
115,488,9
115,497,33
115,840,38
115,1019,6
115,1520,99
115,1595,34
115,1787,39
116,118,34
116,188,8
116,222,95
116,277,81
116,366,47
116,369,36
116,557,29
116,682,57
116,819,41
116,848,4
116,895,8
116,949,99
116,1011,58
116,1045,79
116,1090,90
116,1157,60
116,1191,5
116,1333,57
116,1419,22
116,1533,53
116,1699,63
116,1712,59
116,1803,78
116,1809,71
116,175,66
117,187,46
117,218,87
117,470,99
117,522,1
117,866,55
117,1210,96
117,1425,18
117,1452,93
117,1472,57
117,1573,78
117,1592,46
117,1810,30
117,129,98
117,178,98
117,268,90
118,289,32
118,320,97
118,833,74
118,969,29
118,1318,25
118,1389,42
118,1574,10
118,161,69
118,237,31
118,239,43
118,291,31
119,255,61
119,345,65
119,752,87
119,770,67
119,873,50
119,1139,22
119,1450,23
119,1500,15
119,371,64
120,1041,93
120,1068,99
120,1135,61
120,1462,13
120,124,85
120,132,54
121,334,51
121,373,98
121,600,27
121,728,41
121,801,24
121,880,68
121,886,35
121,1064,4
121,1415,67
121,1420,22
121,1436,85
121,1438,62
121,1646,64
121,1779,97
122,192,82
123,304,27
123,680,34
123,698,52
123,1178,33
123,1781,9
123,162,48
123,306,4
124,246,79
124,1390,71
124,1591,4
124,127,56
124,131,51
124,147,12
124,148,79
124,173,11
124,193,18
124,221,5
124,223,39
124,234,93
124,237,3
124,254,85
124,263,72
125,161,35
125,1162,9
125,229,82
126,1129,21
126,143,85
127,147,80
127,1417,28
127,1597,73
127,143,66
127,324,15
128,132,46
128,251,86
128,280,37
128,544,19
128,564,5
128,1231,5
128,160,75
128,259,24
128,349,11
129,172,76
129,367,66
129,491,76
129,1328,44
129,1421,97
129,1554,90
130,265,6
130,275,97
130,702,35
130,854,85
130,874,54
130,974,24
130,1013,11
130,1051,10
130,1082,58
130,1142,45
130,1218,28
130,351,95
131,380,22
131,902,63
131,165,25
131,202,3
131,211,96
131,222,5
131,227,56
131,248,89
131,257,15
132,414,7
132,512,60
132,787,28
132,1160,64
132,1273,47
132,1449,88
132,204,47
133,1435,28
134,252,85
134,732,26
134,847,73
134,1562,76
136,159,15
136,633,18
136,214,53
136,254,86
137,649,92
137,1247,27
138,147,17
138,381,87
138,384,36
138,387,32
138,742,88
138,972,65
138,1036,84
138,1225,67
138,1572,24
138,1800,65
139,421,27
139,1308,73
140,1000,50
140,1175,24
140,1213,83
140,1317,52
140,1457,16
140,1512,53
141,1724,9
143,219,86
143,358,15
143,484,19
143,590,70
143,692,22
143,900,49
143,1215,52
143,1262,77
143,1310,42
143,1348,22
143,1480,42
143,1526,66
143,1694,14
143,1833,76
144,212,79
144,348,81
144,589,97
144,1537,90
144,1653,79
145,293,70
145,476,21
145,483,39
145,619,54
145,685,87
145,707,75
145,827,87
145,924,64
145,964,43
145,1020,55
145,1031,82
145,1057,100
145,1165,99
145,1231,88
145,1251,60
145,1349,90
145,1351,74
145,1380,5
145,1529,53
145,1551,61
145,1596,66
145,1672,91
145,1743,43
145,1832,67
145,240,72
146,996,53
147,155,96
147,1221,32
149,153,87
149,415,51
149,584,28
149,620,40
149,647,3
149,823,12
149,1009,91
149,1087,83
149,1423,59
149,1671,4
150,276,69
150,1109,62
151,433,86
151,266,46
152,368,86
152,435,39
152,536,75
152,808,62
152,818,97
152,1116,56
152,1774,1
153,164,88
153,346,46
153,396,32
154,199,50
154,202,45
154,252,18
154,273,31
154,330,89
154,376,21
154,406,14
154,541,58
154,638,32
154,661,49
154,678,61
154,705,56
154,708,90
154,727,31
154,774,54
154,1053,53
154,1227,44
154,1329,91
154,1375,26
154,1600,24
154,1677,94
154,1769,22
154,1817,35
154,270,9
155,486,93
155,1587,32
156,190,30
156,223,77
156,583,78
156,596,63
156,613,49
156,653,47
156,687,73
156,938,25
156,1067,94
156,1258,24
156,1452,28
156,1510,48
156,1735,67
156,308,29
157,442,95
157,662,62
157,751,12
157,898,66
157,950,12
158,236,58
158,276,25
158,1016,23
158,1112,100
158,1241,68
158,1597,65
159,174,22
159,627,6
160,175,97
160,337,85
160,735,99
160,872,37
160,171,20
161,677,83
161,1497,99
161,1814,90
161,167,4
162,878,94
162,1300,41
162,1366,92
163,185,77
163,293,33
163,342,2
163,529,8
163,175,98
163,179,56
163,318,100
164,332,85
164,993,72
164,1235,81
165,174,73
165,183,37
166,764,97
166,864,50
166,1836,68
166,178,54
166,188,50
166,222,88
167,206,31
167,317,34
167,343,24
167,446,96
167,452,50
167,535,36
167,610,4
167,655,76
167,867,15
167,920,90
167,1220,91
167,1242,51
167,1409,53
167,1435,48
167,238,27
168,367,50
168,208,58
169,228,69
169,339,85
169,448,1
169,493,60
169,1050,59
169,1642,54
169,1786,39
170,359,13
170,914,22
170,1223,44
170,1358,10
170,1669,98
170,271,33
171,451,47
171,1581,10
172,197,55
172,1189,13
172,1402,66
173,559,35
173,815,79
173,1176,39
173,309,84
174,394,88
175,500,2
175,1027,31
175,1240,44
176,184,15
176,577,9
176,896,74
176,971,25
176,1026,5
176,1356,67
176,1377,10
176,1727,94
176,1802,36
177,224,50
177,236,28
177,534,54
177,1035,52
177,1069,62
177,1347,80
177,1828,40
178,982,25
178,1550,100
178,1678,30
179,216,86
179,667,53
179,944,51
179,1030,14
179,1276,41
179,1294,72
179,1408,43
179,1777,34
180,894,5
180,1381,43
180,1505,83
181,351,79
181,426,93
181,748,29
181,772,44
181,777,47
181,829,33
181,1033,41
181,1081,56
181,1084,92
181,1141,100
181,1152,4
181,1206,77
181,1247,96
181,1443,77
181,1531,24
181,1584,43
181,1645,37
181,1771,93
181,1778,18
181,1798,12
181,210,55
181,215,15
182,681,53
182,1025,73
182,1406,10
183,385,77
183,447,79
183,231,29
183,243,7
184,549,10
185,513,99
185,650,46
185,788,26
185,1194,4
185,1202,12
185,1552,86
187,228,23
187,489,64
187,531,4
187,843,48
187,919,10
187,921,16
187,1021,43
187,1762,94
188,262,96
188,709,11
188,744,22
188,1032,26
188,1355,7
188,1466,72
189,422,49
189,799,73
189,1132,97
189,1187,87
189,1289,58
189,1374,35
189,1517,91
190,351,97
190,361,79
190,364,20
191,749,80
191,885,55
192,220,43
192,755,46
192,759,15
192,1161,26
193,338,89
193,771,29
193,784,49
193,1382,42
193,217,20
194,198,27
194,836,72
195,235,85
195,218,13
195,277,95
197,675,38
197,838,39
197,1138,17
197,1542,51
197,1731,80
197,1785,33
198,445,100
198,1198,87
198,1601,92
198,1688,38
199,347,16
199,750,25
199,1733,45
200,352,73
200,718,81
200,837,50
200,233,93
201,268,83
201,804,64
202,881,33
202,1619,81
202,226,37
202,275,23
203,1730,86
203,252,36
203,336,100
204,805,42
205,313,57
205,328,55
205,329,34
205,419,20
205,574,81
205,666,67
205,820,37
205,844,14
205,1250,4
205,1513,94
206,221,94
206,255,72
206,318,40
206,533,54
206,606,63
206,1155,35
207,224,56
207,408,90
207,440,22
207,905,76
207,959,6
207,987,27
207,1316,19
207,1424,33
207,1569,39
207,1673,93
207,1746,29
208,639,24
208,725,47
208,1190,5
208,1391,39
209,1239,23
210,342,89
210,1458,42
210,307,59
212,273,75
212,548,60
212,665,10
212,722,52
212,967,40
212,1023,34
212,1089,77
212,1092,55
212,1291,93
212,1298,31
212,1367,39
212,1373,93
212,1483,34
212,1557,30
212,1603,37
212,1610,90
212,1667,28
212,1801,37
212,340,91
213,241,94
214,477,31
214,1156,57
214,1268,39
214,1287,25
215,260,45
215,288,15
215,332,81
215,679,95
215,1532,21
215,230,36
215,258,22
216,634,56
216,1076,84
216,1471,65
216,1612,27
217,592,3
217,1624,47
218,370,33
218,668,4
218,1773,35
219,767,27
219,334,96
220,403,84
220,711,7
220,945,15
220,1599,19
220,1700,62
220,365,14
221,271,84
221,868,49
221,1336,90
221,225,86
222,479,58
222,1393,37
223,261,14
223,277,93
223,658,52
224,611,21
224,858,7
224,1133,49
224,1188,66
224,1311,66
224,265,89
225,456,18
225,467,14
225,889,77
225,916,51
225,976,18
225,982,79
225,991,94
225,1431,21
225,1469,45
226,1007,41
226,1209,50
226,235,39
227,786,48
227,812,71
227,1226,53
227,1398,93
228,962,95
229,1005,11
230,578,49
230,1384,72
230,238,65
231,375,27
231,410,89
231,1540,10
231,1629,9
231,1638,35
232,236,92
232,333,41
232,575,39
232,955,47
232,1205,57
232,1267,39
232,1427,44
232,1448,78
232,1562,1
232,1780,32
233,870,12
233,961,38
233,1548,73
234,1379,50
235,297,34
236,249,82
236,322,84
236,550,46
236,726,79
236,911,90
236,1001,9
236,1031,78
237,1717,1
238,306,53
238,907,78
238,1214,98
239,651,5
239,960,19
239,1294,86
239,1463,49
239,1823,57
240,688,20
240,831,2
240,1039,89
240,1304,36
240,1335,37
240,1450,15
241,325,57
241,416,15
241,468,62
241,562,26
241,723,81
241,936,57
241,1168,75
241,1212,76
241,1337,86
241,1361,78
241,1499,88
241,1564,57
241,1606,85
241,1623,42
241,313,40
242,721,98
243,663,97
243,1229,51
243,323,37
244,258,56
245,485,49
245,933,86
246,393,40
246,741,82
246,1196,29
246,1482,2
246,1593,88
246,1670,94
247,314,24
247,353,100
247,372,5
249,418,42
249,1244,29
250,263,55
250,299,97
250,537,92
250,821,43
250,1194,99
250,1432,42
250,1445,40
250,1488,36
250,1565,25
250,1654,96
250,1657,20
251,434,15
251,478,82
251,519,29
251,1002,1
251,1076,92
251,1760,43
252,377,2
252,496,89
252,847,26
252,1307,79
252,1360,86
252,1536,12
253,420,73
253,581,79
254,830,67
254,1059,61
254,1399,92
255,788,46
255,1299,6
255,1651,47
255,1707,31
256,558,7
256,338,52
257,658,15
257,1269,48
258,555,57
259,1602,99
260,1191,19
262,370,53
262,540,84
263,1225,98
263,373,13
264,309,62
264,736,42
264,1255,68
266,399,67
267,295,9
267,454,93
267,1054,59
267,1451,41
268,906,18
268,1181,6
270,738,77
270,1478,54
271,1110,50
271,1342,15
271,1527,22
271,347,78
272,1403,86
272,1751,72
273,281,2
273,636,30
273,793,17
273,1559,22
273,1744,85
273,1808,99
274,374,91
274,516,53
274,628,59
274,695,85
274,875,28
274,1259,69
274,1315,25
274,1334,58
274,1621,36
275,763,54
275,923,22
275,1163,16
275,1675,62
276,324,36
276,887,32
277,1106,57
278,566,21
278,931,13
279,280,27
279,297,50
279,694,96
279,305,47
280,391,96
280,642,85
280,760,61
280,809,46
280,853,55
280,883,22
280,899,90
280,1037,63
280,1100,10
280,1114,89
280,1118,84
280,1396,63
280,1405,1
280,1705,75
280,1716,44
280,1825,32
281,580,16
281,592,49
281,802,94
281,893,53
281,1414,16
281,336,57
288,363,2
302,353,90
323,373,30
